# Unweighted energy differential cross section d sigma / d x_E
# p + p -> pi+ + X 
# 20000 simulated events 
# FixedTarget at 1.0155e+10 GeV
# Sibyll23c 
# First row: dimensionless energy x_E = E_secondary/E_primary bin center values
# Second row: d sigma / d x_E in mb
# Next line in header: Exact numerical value of primary, strip line 9, index 8
#10154863318.74878
# Next line in header: sigma_inel_pp, strip line 11; index 10)
#110.59773378382752
# Delimiter tabspace 'backslash t'
1.0670333570365525e-11	1.2453512547905908e-11	1.4534688513541673e-11	1.6963661406612846e-11	1.9798553512178852e-11	2.3107200254645804e-11	2.6968773414676706e-11	3.147567561093617e-11	3.673575137924969e-11	4.287486775753777e-11	5.003992612669673e-11	5.840237737701344e-11	6.816232451365227e-11	7.955331087143554e-11	9.2847908514911e-11	1.083642405471354e-10	1.2647359339786935e-10	1.4760930124372494e-10	1.7227711515333408e-10	2.010673050782219e-10	2.3466878427489347e-10	2.7388559413790657e-10	3.196561439053719e-10	3.7307566561898953e-10	4.3542242165773975e-10	5.081882919587558e-10	5.931144728393378e-10	6.922331416482852e-10	8.079160842295893e-10	9.42931448792892e-10	1.1005099842398942e-09	1.2844223479470632e-09	1.499069332883243e-09	1.7495871730843077e-09	2.0419704473132287e-09	2.3832155218365125e-09	2.7814879647233404e-09	3.2463179376823155e-09	3.788828240918229e-09	4.422000467837211e-09	5.1609856383496394e-09	6.023466743837482e-09	7.030081879033925e-09	8.204918085832234e-09	9.576087726088918e-09	1.1176401175301857e-08	1.3044151933882236e-08	1.522403294275165e-08	1.776820602955113e-08	2.073755007597315e-08	2.4203117773300492e-08	2.824783582449118e-08	3.296848927651998e-08	3.847803746556897e-08	4.490831699274062e-08	5.241319640912343e-08	6.117225809788021e-08	7.139509545619512e-08	8.332632820327164e-08	9.725145582443311e-08	1.1350368921692543e-07	1.324719240101668e-07	1.5461004635203135e-07	1.8044779383699983e-07	2.1060343146461118e-07	2.4579854594805624e-07	2.8687531238222433e-07	3.348166464409861e-07	3.9076972432060155e-07	4.560734332321007e-07	5.322904092986034e-07	6.212444294844147e-07	7.25064052298018e-07	8.462335515364356e-07	9.876523618517918e-07	1.1527044585981805e-06	1.345339332131842e-06	1.57016649417843e-06	1.8325657776866164e-06	2.138816069505636e-06	2.4962455562988353e-06	2.9134070788901295e-06	3.4002827910536674e-06	3.968523019975726e-06	4.631725044021107e-06	5.405758458607491e-06	6.309144915786428e-06	7.36350132422444e-06	8.594057114805784e-06	1.0030257949376137e-05	1.1706470318622824e-05	1.366280388923805e-05	1.594607127810485e-05	1.8610908219702268e-05	2.1721080930935487e-05	2.5351011956997182e-05	2.958756100984402e-05	3.453210341252729e-05	4.030295588395193e-05	4.70382077100613e-05	5.489902504783512e-05	6.407350742996454e-05	7.478118875154072e-05	8.727829044174204e-05	0.00010186385252235155	0.0001188868892616715	0.00013875474064968784	0.00016194281953484644	0.00018900598765923918	0.00022059183280650265	0.00025745616476798076	0.0003004811009262522	0.00035069617422142825	0.0004093029685874706	0.00047770387135372285	0.0005575356306206858	0.00065070852059609	0.0007594520520687985	0.0008863683218150484	0.0010344942775216235	0.0012073743881477427	0.0014091454586365902	0.001644635618486503	0.0019194798528545949	0.0022402548407077037	0.002614636326529071	0.0030515827912889664	0.0035615498176960036	0.004156740279221635	0.004851396339608457	0.005662140250045534	0.0066083720988611636	0.0077127340313860124	0.009001652048187685	0.01050596834623119	0.012261679334098875	0.014310796981051453	0.01670235411093649	0.01949357769637093	0.02275125822866079	0.026553347930768467	0.030990826056566154	0.036169875910654875	0.04221442568211199	0.049269113891142774	0.05750275040806743	0.0671123558625017	0.07832787610074318	0.09141768450243576	0.1066950038200713	0.12452540120792185	0.1453355357870737	0.16962336806486067	0.19797007550734347	0.2310539593895869	0.26966667569728026	0.3147321784648866	0.3673288288407238	0.42871519892126764	0.5003601878081765	0.5839781705276363	0.6815700208817301	0.7954709898573821	0.928406585263359
0.0	0.0	372496837710.69543	720752496799.7106	869278918871.0966	937218780075.3936	1048979934119.3632	1148251028842.9556	1058014761278.2871	1028616981505.6725	1003142770775.6871	939931136396.0061	898451929461.2866	842819780142.2479	775044465042.0668	702780807499.9248	624831770950.084	586617186512.3682	534048172475.89484	473806996266.0498	455315371686.7365	414469991949.4189	374416214547.7256	339353370476.83966	307890329373.225	272623842363.30487	251662937329.18314	220186196223.11893	205389608897.87427	190316013953.13684	177205192595.04865	160066779517.42203	146044919002.5287	134744653838.99832	120490451907.21379	112249675231.35686	101539502746.16544	91705494780.69392	84347139859.17433	76810417381.72902	69383111385.93855	61865108980.61971	55572263109.74433	50442408858.79584	44533947224.448326	40502401675.86978	36393473537.15293	32027912302.36313	28802027209.073807	25334974633.22992	22501384450.929512	20162919240.8131	17279117435.026905	15438622376.510508	13590491979.020958	11973557905.352789	10578545101.18356	9320464681.506899	8110252959.123421	7201151970.894349	6238274958.320924	5469540734.830066	4848477458.084183	4115492671.069389	3625634050.9456086	3153607675.92525	2775543822.4419775	2391294433.265991	2062931103.4285183	1791210263.3796823	1563562668.1431422	1362305375.5712125	1155372950.2643006	998963626.0916156	874948171.7547362	759900737.3326025	649813694.2973392	554645253.9230771	477086084.6650894	414791920.71489865	349337730.8217272	302073924.0359029	258314768.5322117	225167320.52190205	190828459.07960126	162429828.81161466	139223163.9905864	118324118.10571118	100484664.5329632	86235997.2017527	72947843.92874318	61051442.0330265	52617727.50329176	45033471.22204806	37754965.741327226	32068911.130620874	27264994.92417931	23139846.052160215	19548067.431601696	16287877.014052317	14070615.013175406	11780008.530263105	9933603.841599949	8195326.704934675	6979624.965236594	5809836.060754946	4929105.214795541	4128339.0295950915	3462661.69753385	2913215.739116737	2408343.4329351853	2012548.2728516196	1661295.858695575	1402658.8585151231	1176522.2926551886	950116.454394633	783601.0599491885	639909.4051337718	525265.7694642841	442880.0965147926	363043.17837840656	298694.10342201346	245002.6083498228	198881.81190258285	165875.1588692265	131441.4067154543	108813.83056406079	88249.817259979	71542.23658253907	58755.93536233656	47695.90138169571	37676.15675846516	30830.994530904056	25082.039278185446	19630.626556645453	16103.359708361548	12737.760918294336	10456.63176614425	8370.793994099275	6630.075350871512	5370.165582019061	4296.948205968831	3389.248823025523	2711.1488947046887	2133.7355173149585	1697.2697653928703	1368.2279760242313	1031.326585344374	785.9933509456561	649.5897188552467	477.1071562337439	339.96074592900993	257.25052383645453	196.50859990842181	143.38704942629508	90.14752016071374	66.75869525444996	39.43462568914959	22.74842824987439	15.90822040877546	9.086915177253827	2.8933673863727094	0.6310373449714992	0.03862007916184232