# Unweighted energy differential cross section d sigma / d x_E
# p + p -> K+ + X 
# 20000 simulated events 
# FixedTarget at 1.0155e+10 GeV
# Sibyll23c 
# First row: dimensionless energy x_E = E_secondary/E_primary bin center values
# Second row: d sigma / d x_E in mb
# Next line in header: Exact numerical value of primary, strip line 9, index 8
#10154863318.74878
# Next line in header: sigma_inel_pp, strip line 11; index 10)
#110.59773378382752
# Delimiter tabspace 'backslash t'
1.0670333570365525e-11	1.2453512547905908e-11	1.4534688513541673e-11	1.6963661406612846e-11	1.9798553512178852e-11	2.3107200254645804e-11	2.6968773414676706e-11	3.147567561093617e-11	3.673575137924969e-11	4.287486775753777e-11	5.003992612669673e-11	5.840237737701344e-11	6.816232451365227e-11	7.955331087143554e-11	9.2847908514911e-11	1.083642405471354e-10	1.2647359339786935e-10	1.4760930124372494e-10	1.7227711515333408e-10	2.010673050782219e-10	2.3466878427489347e-10	2.7388559413790657e-10	3.196561439053719e-10	3.7307566561898953e-10	4.3542242165773975e-10	5.081882919587558e-10	5.931144728393378e-10	6.922331416482852e-10	8.079160842295893e-10	9.42931448792892e-10	1.1005099842398942e-09	1.2844223479470632e-09	1.499069332883243e-09	1.7495871730843077e-09	2.0419704473132287e-09	2.3832155218365125e-09	2.7814879647233404e-09	3.2463179376823155e-09	3.788828240918229e-09	4.422000467837211e-09	5.1609856383496394e-09	6.023466743837482e-09	7.030081879033925e-09	8.204918085832234e-09	9.576087726088918e-09	1.1176401175301857e-08	1.3044151933882236e-08	1.522403294275165e-08	1.776820602955113e-08	2.073755007597315e-08	2.4203117773300492e-08	2.824783582449118e-08	3.296848927651998e-08	3.847803746556897e-08	4.490831699274062e-08	5.241319640912343e-08	6.117225809788021e-08	7.139509545619512e-08	8.332632820327164e-08	9.725145582443311e-08	1.1350368921692543e-07	1.324719240101668e-07	1.5461004635203135e-07	1.8044779383699983e-07	2.1060343146461118e-07	2.4579854594805624e-07	2.8687531238222433e-07	3.348166464409861e-07	3.9076972432060155e-07	4.560734332321007e-07	5.322904092986034e-07	6.212444294844147e-07	7.25064052298018e-07	8.462335515364356e-07	9.876523618517918e-07	1.1527044585981805e-06	1.345339332131842e-06	1.57016649417843e-06	1.8325657776866164e-06	2.138816069505636e-06	2.4962455562988353e-06	2.9134070788901295e-06	3.4002827910536674e-06	3.968523019975726e-06	4.631725044021107e-06	5.405758458607491e-06	6.309144915786428e-06	7.36350132422444e-06	8.594057114805784e-06	1.0030257949376137e-05	1.1706470318622824e-05	1.366280388923805e-05	1.594607127810485e-05	1.8610908219702268e-05	2.1721080930935487e-05	2.5351011956997182e-05	2.958756100984402e-05	3.453210341252729e-05	4.030295588395193e-05	4.70382077100613e-05	5.489902504783512e-05	6.407350742996454e-05	7.478118875154072e-05	8.727829044174204e-05	0.00010186385252235155	0.0001188868892616715	0.00013875474064968784	0.00016194281953484644	0.00018900598765923918	0.00022059183280650265	0.00025745616476798076	0.0003004811009262522	0.00035069617422142825	0.0004093029685874706	0.00047770387135372285	0.0005575356306206858	0.00065070852059609	0.0007594520520687985	0.0008863683218150484	0.0010344942775216235	0.0012073743881477427	0.0014091454586365902	0.001644635618486503	0.0019194798528545949	0.0022402548407077037	0.002614636326529071	0.0030515827912889664	0.0035615498176960036	0.004156740279221635	0.004851396339608457	0.005662140250045534	0.0066083720988611636	0.0077127340313860124	0.009001652048187685	0.01050596834623119	0.012261679334098875	0.014310796981051453	0.01670235411093649	0.01949357769637093	0.02275125822866079	0.026553347930768467	0.030990826056566154	0.036169875910654875	0.04221442568211199	0.049269113891142774	0.05750275040806743	0.0671123558625017	0.07832787610074318	0.09141768450243576	0.1066950038200713	0.12452540120792185	0.1453355357870737	0.16962336806486067	0.19797007550734347	0.2310539593895869	0.26966667569728026	0.3147321784648866	0.3673288288407238	0.42871519892126764	0.5003601878081765	0.5839781705276363	0.6815700208817301	0.7954709898573821	0.928406585263359
0.0	0.0	0.0	0.0	0.0	0.0	0.0	0.0	0.0	0.0	8598366606.648746	27013043763.177185	31035517469.681446	38760695771.247765	44023452423.91411	42021262971.98233	47627830090.569016	41293963439.794044	40376206336.836945	46899224696.263115	39725502227.70184	37833805329.55845	33986852309.155437	31715268268.863518	26927022654.464977	26458059235.56918	20493330712.129013	18905660226.167583	16642416451.318678	14753768913.84957	14954437102.615797	13483127747.979567	11624276225.880926	11455857261.749058	10851515488.000309	10185367930.79059	9822661050.21938	7863942223.756964	7939779012.885366	7248866582.842366	6627764920.615338	6196630275.072176	5809178384.911784	5174028596.4493	4721482045.571661	4266787661.6955895	3829011226.378703	3544525922.1307826	3277131099.8063383	2787141138.93173	2556941837.0073304	2236516443.330984	2047871231.7570279	1786325392.0672767	1614379907.271788	1384590138.858141	1225606039.814651	1083261076.4594204	997000005.6392703	843919560.7913765	766358874.2600042	666911538.5303485	597160255.1569699	521788516.5231853	449629016.1789703	373870043.6373753	361581856.09603465	305952897.2611256	268016801.7219544	230426495.8727989	202215023.68454733	175222806.31393838	152754110.7415864	131602028.35986589	111923373.03513761	97421576.31296402	85630850.61838038	74100368.43758018	63353212.85045767	55757100.1211556	46164691.70104154	40292932.462560445	34323164.94151729	30384306.994428884	26761347.735920716	22909576.90045804	19242780.360524353	16521552.787353003	13692782.603163179	12093200.900909029	10324859.633194495	8891088.617945917	7460605.09618914	6259411.679162958	5351591.418913208	4474994.920053121	3816057.1143713347	3295605.8229182684	2843290.561661995	2369852.5662995437	2014846.2363370836	1775031.450192132	1479636.1354946156	1229566.0347821687	1016549.3418530074	835706.7963222569	748603.8168945048	613295.0290667383	497023.7028180949	440322.5708456866	377274.17798076774	310962.93128491176	247318.27695147984	207525.5330890786	186292.07849251534	153122.19290061062	121499.2150473216	102591.34848426195	83087.86218557101	67412.88055417684	57106.91468479965	48013.951201749675	38610.039098374815	31643.2600134287	26328.12006367016	21022.397130390345	17554.029031714374	14345.88062918892	11662.057373956211	9777.874526336009	8086.5196580490465	6277.550888471225	5062.5683118447705	4150.466083511074	3191.000665935935	2646.366540052152	2094.5649346369128	1734.5429002349733	1451.231918555115	1120.5095256642844	858.7943953140867	672.1935669541978	532.3271769420023	414.48642249871176	356.5929070546827	271.23892283096933	221.18171888872777	183.56056845232757	150.21729212184943	107.53683912761454	92.7148487068591	72.77824386724087	56.65007427129813	42.92399832101011	30.72579630563466	20.475985405235868	17.31624859842388	9.370604124154358	4.767133861186912	2.866346019599182	1.3507576614836772	0.5786734772745419	0.0901481921387856	0.0